348

1116916166 1116669166, Η68ο 61169,
91919311 16111866, willielmus
6669, 965.
1116119161 66 11116611, 1611916169
. filius, 137.
1116916166 Ρ1ρ61161, Μ91619 669,
9699111616, 16661616 frater,
6191961, 31, 33, 41, 69, 66,
66, 61, 39 99, 191, 113,
116, 199139169, 161,
113, 136, 133, 196, 966,
931, 936, 937, 958.
niardus, Frater, 115.
1116691669, Magister, 176.
1116916611 Rex, 8, 19, 94, 65, 77,
, 119, 148, 168, 191, 900,
. 919, 936, 971, 979.
111691669 116699 66 1166166616,
11169166636669966111111691666, 98,
11169116613 6161166169 66 1111696161,
6166661511696116166 16111161, 41.
1116916119 61169 6119669616119616111,
9199691162111619, 991.
16691669 filius Baldewini‚ 949.
111691669 61169 David, 44, 194,
11169166066691161619161, 161.
111691669 61169 61119161, 966.
111691669 6669 11111911, 959.
1116111669 filius Euerardi, 61619161,
61691669266119311619161, 38.
111691669 61169 (11166116696119, 172.
Ricardus filius Gillberti, 138.
111691669 61169 (16666161, 949.
111691669 61169 Η9616619, 69, 76,
61666693666311661161, 966.
111691669 61169 Η666111, 193.
1116111669 61169166961119, 148.
1116916119 filius Moricii, 267.
111691669 61169 Ρ6111, 7, 57, 994.
1116111669 61169 Philippi, 35, 937.

INDEX.

16691669 filius Radulphi, Rannul-
phi‚ 12, 33, 116, 116, 133,

6169166186669 1168169161, 49.

111691669 filius Ricardi, 46, 167,
171, 944, 948.

111691669 111169 11666111, 99, 951,

616916629661169 1168611, 918, 948,

9191166119 966619, 46.

16691669 filius Troite, 30.

16691669 61169 Τ61111111, 61166969
uxor ejus, 909.

111691669 666911116οηί9, 41, 116,

6191611116 willielmi, 136, 936,

11169161656669 (19611161 66 Bure·
6616, 61 Geua uxor ejus,

6169166119161466191, 170.

1116691616, 111691669 66, 946.

1116116669 mater willielmi Walteri,

Richeruqsogl'ius Presbiteri, 973.

11166, Willielmus, 45.

111661, willielmus, 161, 967.

11166666 1119661, 6966111669 6669,

1116611964166691, 1111661196966,
75, 197, 183.

1116691, 6911616966, 68.

1116691, 19966119 61161 walteri de,

11111616661116166, 61 Lucia ui

9661966169 de, 251.

11188, 111.

11188661, 1166611119 66, 141.

1111691666, Η686, 269.

Rimildae, Eliot 6119, 945.

1116111616, 1611961169 61169, 936.

Riparia, 61619166966, 175.

11186116, (1116661169 66, 96.

11111619, Η68ο 66, 87.

11196611, 16119111, 227.

11196611, Herbertus de, 997.

1119666186, Η61111669 66, 87, 115.

1119666186, 16169669 66, 98.

 

