INDEX.

01911901, 1119111601, 45.

Clericus, 1101191101, 171, 175, 184.

01911901, 11039101, 235.

Clericus, Simon, 190, 211, 245.

Clericus, walterus, 28.

Clericus, willielmus, 25, 182, 215,
248, 266.

Clericus, Ysaac, 61.

Clericus de 00191016, 1010910101,

Clericus de Holt, Petrus, 147.

0011, Β9111110 69, 208.

0011, Ηο3ο 69, 218.

0111 1, 1101090001 69, 218.

0011016, term in, 280.

clifford, Johennes de, 280.

clifford, Ricardus de, 171.

0011016, 1111119101 69, 171, 194,

clifford, Walterus de, et Ricardun
frater ejus, 159.

0011011, terrain, 37.

0011011, 9991911169, 33.

0011011, 11931011601 69, 153.

0011011, 0111111101 meter 1193101161
69, 129.

0001011, Η9011901 69, 217, 228,

0111191111, 1116011001 69, 194.

0011911011, Adam de, 52.

011119110011, 1101191101 69, 82.

00096011, Matheus de, 3.

0101111919, 1111091100119, 26.

010191, 1011111001, 13. 1

01010011, terrain, 143.

0101011, terra in, 50.

00091, 16106 ecclesiae de, 61, 67,
211, 266.

00091, 10109169, 67.

000119, 1119111601, 60.

0001110391οῆ, 99919111 69, 59.

0011911101, 9991911169, 54.

00011110, Η9011901 69, 118

Coc, Grifflnus filius Selverdi, 185.

0090110010091, 173

00901, 11039101, 249.

0061133, 153.

00 911101, terrain, 225.

00 91, Adam de, et 11001 ejus, 66.

001191, 1101191101 (19, 10.
00191016, Prior (19, 128.
00111011, terra in, 81.
Cole, 90.
Coleberi, ecclesia de, 50.
0019111, 1101191101 69, 50.
0019111, Simon de, 50.
001911111111001 de, 50.
00199916, Abbas de, 121.
0019011919, 9991911169, 110.
001916οῆ, ι10161001 69, 83.
0019111911, 1101191101 69, 9111039001
111191 ejus, 62.
00191111, 1101191101 69, 50, 268.
00191111, 11010910101 69, 212, 233.
00119, Gilebertus de, 276.
00119, 1101090001, 36.
0010111, willielmus, 91.
Colum, Prior de, 47.
0010015911, 1119116111 69, 64.
00011916, 111911601 69, 197.
00011011, 1119111601 69, 18, 113.
00111190, Μ113901169, 107.

0011931119, 0111931109, liberum

tenementum in, 20, 118,

0011191, 1101191101, 82, 223.

0011191, 11039011, 91 Η1111111 uxor
ejus, 77,175.

00109100, Ρ91101, 8, 106.

00199191, 151.

0011091111, 1111119101 69, 235.

0010900111, 1100911001 69, 162.

001091, Alexander de, 69.

00100916, ,10010091 69, 180.

00100916, 1101191101 69, 180.

0011101111, 92, 107, 211, 244,

0011101, 1119116111 19, 26.

001190110, 1101091001, 12, 123,
250, 256. '

00191, 111911601, 206.

00191, capella 69, 44, 148.

00191, 99019111 69, 180.

00191, 0110111601 69, 88.

, 00191, 1101119101 69, 140, 253.

00110100, 1101090001 69, 225.
000919, terra in, 237.
Couele, Philippus de, 221.

 

