861

1101101110 611110 willielmi 6001011-
curt, 57.

1101101110, Acelinus de, 9.

1101101110, 11061110611060, 192.

1101101110, 1106011110 60, 196.

1101160111, 116600 60, 16, 78.

1101106, 10110111, 187.

1101106, Geminius, 267.

1101106, 1106011110 60, 199.

want, liberum tenementum in,

1101110110, iohannes, 222.

1101110600, 22.

110116, 1110016110 60, 977.

Wandleswrth, terra in, 144.

Wapenbii, Ricardus de, 63.

Wapeubi?‚ 1110016110 60, 01 ι1111101111
111101 ejus, 185.

warberge, homines de, 936.

11016, 0001001060, 99.

11016, 06106 00010010 Sancti Leo·
nardi in, 901.

Wardeberge, terra in, 236.

11016060101101101110, 4.

1101606, Abbas de, 11, 99, 901,

1101606, 6011111060, 901.

1101606, 06106 Δ0001001110 60, ll,

1101606, 1110016110 60, 101.

1101610, willielmus, 103.

11010, 1106011110, 945.

11010, 80110 60 ln, 117.

1101010116, 1011060, 118.

11010116, willielmus de, 241, 953,

1101011, 1106011110 60, 948.

11016001, 10110 60, 185.

1101110111, Ρο11110 60, 158.

1101111, willielmus, 161.

11011111, Benedictus filius, 175.

warini, H 0 611110, 178.

11011111, 11 ielmus 611υο183188,

11011111 60 0010111306ωῆ, Guioma·
rus filius, 139.

1101111110, 5, 113, 173, 958.

1101111110 filius Geroldi, 999.

1101111110 filius 11100161, 22, 95.

1101111110 611110 11611061, 98.

INDEX.

1101111110 filius willielmi, 191,
907.

1101001016, 1106011110 60, 100,
963.

1101111000110- 11οτ0116009, 8,
13,14, 46, 59, 55, 59,
61, 69, 65, 66, 70, 76,
81, 87, 93, 101, 106,
114, 193 130, 146, 148,
1011100109, 100, 100,
904, 906, 911, 919, 915,
916, 918, 995, 998, 931,
939, 934, 940, 945, 948,
mmmmm

11016116, 2.

Wari, liberum tenementum in,
Wa?‚ Comoe de, 76, 910, 911,
919, 915, 948, 974.

1101, Ηο11110110 Comes, 179.
11011, comitissa de, 98, 35, 61,
67, 178, 183, 911, 915,
1101, 1110016110 60, 01 Idonea 111101
ejus, 905.
1101, 11011, Willielmus de, 80,
1101, 11011, Willielmus de 10, 991,
1101110, canonici de, 33.
1101110, Prior de, 32, 33.
Wmeloe, Martinus de, 97.
waspuu, Rogems, 111, 110, 100
Wassepoke, 1106011110, 56.
1100111100, 1110016110, 79.
1101011111, 1106011110 60, 913.
1101011111, 1106011110 60, 49, 189.
11010110, 1101101111,11111101111110 60,
49, 180, 913.
11011016, 10110 111, 42, 126.
11011016, Eustacius de, 42, 126.
1101106, 0011011101 60, 163.
Wattoii, Radulphus de, 275.
1101106, Willielmus 60, 49, 79.
11011601 ι’, 10110, uc. in, 975.
1101101, bertus de, 34.
1101160110, Gillebertus de, 34.
11011606, 1106011110 60, 113.
11011101, 10110111, 101.
11011101, Philippus de, 101.

 

